0.8736142121229438
0.8991371563402635
0.9196507510277686
0.9361066742332136
0.949282328487866
0.959811487945129
0.9682097806253742
0.9748958416736502
0.8736038626262529
0.8991203589599341
0.9196303443705027
0.9360846811548719
0.949260151628685
0.9597900635405204
0.9681896987603118
0.9748774396457631
0.8735932812840981
0.8991031841873394
0.9196094778333981
0.9360621908768467
0.9492374717667647
0.9597681515408961
0.9681691582355988
0.9748586157808803
0.8735824631168329
0.8990856238654815
0.9195881414117372
0.9360391925098026
0.9492142778093358
0.9597457411165223
0.9681481487893373
0.9748393605696863
0.8735714030476927
0.899067669675828
0.9195663248996374
0.9360156749420454
0.9491905584335549
0.9597228212094792
0.9681266599399414
0.9748196642959993
0.8735600959013221
0.8990493131358015
0.9195440178867701
0.9359916268357302
0.9491663020824088
0.9596993805294264
0.9681046809818958
0.9747995170326225
0.8735485364023429
0.8990305455962415
0.9195212097550404
0.9359670366230217
0.9491414969605604
0.9596754075493056
0.9680822009814463
0.9747789086371242
0.873536719173946
0.8990113582389133
0.9194978896753074
0.9359418925022681
0.9491161310301907
0.959650890501019
0.9680592087722506
0.9747578287475662
0.8735246387364204
0.898991742073938
0.9194740466040189
0.9359161824340947
0.9490901920067578
0.9596258173710236
0.968035692950943
0.9747362667781437
0.8735122895057316
0.8989716879372871
0.9194496692798871
0.9358898941375154
0.9490636673547508
0.9596001758959001
0.9680116418726596
0.9747142119147751
0.8734996657921101
0.8989511864882397
0.919424746220537
0.9358630150860042
0.9490365442833945
0.959573953557866
0.967987043646496
0.9746916531106178
0.8734867617986203
0.8989302282068714
0.9193992657191475
0.9358355325035456
0.9490088097423222
0.9595471375802397
0.9679618861309086
0.974668579081516
0.8734735716197806
0.8989088033915384
0.9193732158411052
0.9358074333606877
0.9489804504172265
0.9595197149228702
0.9679361569290641
0.97464497830139
0.8734600892401357
0.8988869021563576
0.9193465844206251
0.9357787043705462
0.9489514527254596
0.9594916722775021
0.9679098433841189
0.9746208389975435
0.8734463085328916
0.8988645144287049
0.9193193590573971
0.9357493319848204
0.9489218028116166
0.9594629960631124
0.9678829325744515
0.9745961491459155
0.8734322232585648
0.8988416299467641
0.9192915271132452
0.9357193023898027
0.9488914865431087
0.9594336724212104
0.9678554113088456
0.9745708964662678
0.8734178270636178
0.898818238257043
0.919263075708778
0.9356886015023707
0.9488604895056866
0.959403687211086
0.967827266121608
0.9745450684172972
0.8734031134791123
0.8987943287119144
0.9192339917200322
0.93565721496596
0.9488287969989501
0.9593730260050182
0.9677984832676317
0.9745186521916828
0.8733880759194851
0.8987698904672687
0.9192042617752143
0.9356251281466004
0.9487963940318751
0.9593416740834796
0.9677690487174349
0.9744916347110871
0.8733727076811422
0.8987449124800253
0.9191738722513262
0.9355923261288529
0.9487632653182507
0.9593096164302486
0.9677389481520989
0.9744640026210558
0.8733570019413279
0.898719383505871
0.9191428092709568
0.9355587937118651
0.9487293952721931
0.9592768377275592
0.9677081669582157
0.9744357422858956
0.8733409517568053
0.8986932920968651
0.9191110586989923
0.9355245154053482
0.9486947680035793
0.959243322351166
0.9676766902227416
0.9744068397834562
0.8733245500627174
0.8986666265992074
0.9190786061394185
0.9354894754256234
0.9486593673135165
0.9592090543654158
0.9676445027278321
0.9743772808998672
0.8733077896714169
0.898639375150978
0.9190454369321429
0.9354536576916703
0.9486231766897997
0.9591740175182875
0.967611588945626
0.9743470511242126
0.8732906632713568
0.8986115256799596
0.9190115361498553
0.9354170458212001
0.9485861793023708
0.9591381952364133
0.9675779330329908
0.9743161356431425
0.8732731634259759
0.898583065901482
0.9189768885949239
0.9353796231267478
0.9485483579987772
0.959101570620073
0.9675435188262185
0.9742845193354219
0.8732552825727216
0.8985539833163813
0.918941478796384
0.9353413726118299
0.948509695299665
0.9590641264381985
0.9675083298357067
0.9742521867664372
0.8732370130220101
0.8985242652089356
0.91890529100692
0.9353022769670963
0.9484701733942548
0.9590258451233413
0.9674723492405812
0.9742191221826295
0.8732183469563253
0.8984938986449551
0.9188683091999723
0.9352623185665685
0.9484297741358699
0.9589867087666574
0.9674355598833083
0.9741853095058882
0.8731992764293286
0.8984628704698907
0.9188305170668729
0.9352214794639049
0.9483884790374704
0.9589466991128763
0.9673979442642656
0.9741507323278853
0.873179793365026
0.8984311673070425
0.9187918980140732
0.93517974138873
0.9483462692672253
0.9589057975552812
0.967359484536297
0.9741153739043636
0.8731598895570367
0.8983987755558408
0.9187524351604478
0.9351370857430256
0.9483031256441219
0.9588639851306919
0.967320162499241
0.9740792171493772
0.8731395566678645
0.8983656813902523
0.9187121113346951
0.9350934935975979
0.9482590286336193
0.9588212425144659
0.9672799595944461
0.9740422446294863
0.8731187862282974
0.8983318707572037
0.9186709090728029
0.9350489456885995
0.9482139583433361
0.9587775500155025
0.9672388568992629
0.9740044385579063
0.873097569636846
0.8982973293752066
0.918628810615662
0.9350034224141643
0.9481678945188173
0.958732887571291
0.9671968351215412
0.9739657807886261
0.8730758981592905
0.8982620427330421
0.918585797906766
0.9349569038311213
0.9481208165393487
0.9586872347429739
0.9671538745941122
0.973926252810484
0.87305376292826
0.8982259960885279
0.9185418525900071
0.9349093696517911
0.9480727034138339
0.9586405707104403
0.9671099552692686
0.9738858357412079
0.8730311549429721
0.8981891744675017
0.9184969560076444
0.9348607992409154
0.9480235337767631
0.9585928742674722
0.9670650567132549
0.9738445103214323
0.8730080650689843
0.8981515626628291
0.9184510891983647
0.9348111716126828
0.9479732858842521
0.9585441238169278
0.967019158100763
0.9738022569086842
0.8729844840381344
0.8981131452336506
0.9184042328955206
0.9347604654278927
0.9479219376101868
0.9584942973659866
0.9669722382094463
0.9737590554713514
0.872960402448474
0.8980739065046794
0.9183563675254763
0.9347086589912289
0.9478694664424443
0.9584433725214415
0.9669242754144451
0.9737148855826251
0.8729358107644166
0.8980338305657397
0.918307473206164
0.9346557302487057
0.9478158494792518
0.9583913264850769
0.9668752476829507
0.9736697264144385
0.8729106993169202
0.8979929012714062
0.91825752974578
0.9346016567852413
0.9477610634256405
0.9583381360491081
0.9668251325687929
0.9736235567313899
0.8728850583038548
0.8979511022408521
0.9182065166416663
0.9345464158224043
0.9477050845900354
0.9582837775917131
0.9667739072070702
0.9735763548846649
0.8728588777903981
0.897908416857839
0.9181544130793751
0.9344899842163203
0.947647888880974
0.9582282270726471
0.9667215483088218
0.9735280988059558
0.8728321477096834
0.8978648282709539
0.9181011979319682
0.9344323384557851
0.9475894518039885
0.9581714600289744
0.9666680321557639
0.9734787660013982
0.872804857863478
0.897820319393973
0.9180468497594733
0.9343734546605346
0.9475297484586163
0.9581134515708886
0.9666133345950693
0.9734283335455055
0.8727769979230552
0.897774872906493
0.9179913468086123
0.9343133085797556
0.9474687535356051
0.9580541763776721
0.9665574310342334
0.9733767780751369
0.8727485574302031
0.8977284712547394
0.9179346670127297
0.9342518755907867
0.9474064413142766
0.9579936086937715
0.9665002964360041
0.9733240757834808
0.87271952579839
0.8976810966526312
0.9178767879919877
0.9341891306980628
0.9473427856600944
0.957931722325023
0.9664419053134076
0.9732702024140794
0.8726898923140783
0.8976327310830542
0.9178176870538046
0.934125048532289
0.9472777600224184
0.9578684906350179
0.9663822317248597
0.9732151332548841
0.8726596461382059
0.8975833562993789
0.9177573411935532
0.9340596033498634
0.947211337432475
0.9578038865416286
0.9663212492693823
0.9731588431323623
0.872628776307846
0.8975329538272924
0.9176957270955809
0.9339927690325938
0.9471434905015735
0.9577378825137279
0.9662589310819482
0.9731013064056676
0.8725972717380744
0.8974815049668187
0.9176328211344722
0.9339245190876585
0.9470741914195334
0.9576704505680645
0.9661952498289287
0.9730424969608596
0.8725651212239329
0.8974289907946577
0.9175685993766478
0.9338548266478737
0.9470034119533751
0.9576015622663502
0.9661301777036896
0.9729823882052065
0.8725323134426834
0.8973753921668145
0.9175030375822744
0.933783664472272
0.9469311234462788
0.9575311887125554
0.9660636864223305
0.9729209530615662
0.8724988369562114
0.8973206897215216
0.9174361112075126
0.9337110049469963
0.9468572968168213
0.957459300550425
0.9659957472195804
0.9728581639628608
0.8724646802136251
0.8972648638824523
0.9173677954070982
0.9336368200865224
0.9467819025585
0.9573858679612256
0.9659263308448616
0.97279399284665
0.8724298315541222
0.8972078948623055
0.9172980650373028
0.9335610815352475
0.9467049107395784
0.9573108606617535
0.9658554075585403
0.9727284111498208
0.8723942792099758
0.8971497626666469
0.9172268946592431
0.9334837605694214
0.946626291003237
0.9572342479025908
0.965782947128363
0.9726613898033957
0.872358011309857
0.8970904470981864
0.9171542585426022
0.9334048280994828
0.9465460125680865
0.9571559984666564
0.9657089188261144
0.9725928992274826
0.8723210158823059
0.8970299277613274
0.9170801306697419
0.9333242546727689
0.9464640442290148
0.9570760806680386
0.9656332914244834
0.9725229093263656
0.8722832808594784
0.8969681840671165
0.917004484740214
0.9332420104766382
0.9463803543584074
0.9569944623511345
0.9655560331941673
0.9724513894837532
0.8722447940811405
0.8969051952385831
0.9169272941757333
0.9331580653420402
0.9462949109077714
0.9569111108901286
0.9654771119012371
0.9723783085582083
0.8722055432988773
0.8968409403164543
0.9168485321255713
0.9330723887475052
0.9462076814097456
0.9568259931887998
0.9653964948047573
0.9723036348787564
0.8721655161806033
0.8967753981652554
0.9167681714724161
0.9329849498236032
0.9461186329805366
0.9567390756806882
0.9653141486546902
0.9722273362406932
0.8721247003153202
0.8967085474798526
0.9166861848387163
0.932895717357888
0.9460277323228026
0.9566503243296457
0.9652300396901045
0.9721493799016147
0.8720830832181122
0.8966403667923747
0.9166025445934762
0.9328046598003006
0.9459349457289692
0.9565597046307589
0.9651441336376805
0.9720697325776619
0.8720406523354742
0.8965708344796187
0.9165172228596061
0.9327117452691325
0.9458402390850503
0.9564671816117115
0.9650563957105722
0.9719883604400303
0.8719973950508927
0.896499928770849
0.9164301915217409
0.9326169415574661
0.9457435778749333
0.956372719834547
0.9649667906075944
0.9719052291117222
0.8719532986906829
0.8964276277560799
0.9163414222346157
0.9325202161401851
0.9456449271851868
0.956276283397894
0.96487528251279
0.9718203036645886
0.8719083505301597
0.8963539093948116
0.9162508864319749
0.9324215361815379
0.9455442517103937
0.9561778359396554
0.9647818350953786
0.9717335486166624
0.8718625378001148
0.8962787515252394
0.9161585553360427
0.9323208685432715
0.945441515759031
0.956077340640179
0.9646864115101108
0.9716449279298047
0.8718158476935463
0.8962021318739503
0.9160643999675707
0.9322181797933701
0.9453366832599166
0.9559747602259383
0.9645889743980455
0.9715544050076874
0.8717682673727102
0.8961240280660863
0.9159683911564449
0.9321134362153778
0.9452297177692278
0.9558700569737256
0.9644894858877658
0.971461942694115
0.8717197839765342
0.896044417636049
0.915870499552925
0.9320066038183811
0.945120582478143
0.9557631927154087
0.9643879075970708
0.971367503271733
0.871670384628273
0.8959632780386848
0.9157706956394741
0.9318976483476048
0.9450092402210867
0.9556541288432356
0.9642842006351402
0.9712710484611148
0.8716200564434867
0.8958805866609655
0.9156689497431977
0.9317865352956689
0.9448956534846172
0.9555428263157287
0.964178325605207
0.9711725394202616
0.8715687865383911
0.8957963208342559
0.9155652320489464
0.9316732299145342
0.9447797844169831
0.9554292456641902
0.9640702426077634
0.9710719367445416
0.8715165620384882
0.8957104578470374
0.9154595126130405
0.9315576972281197
0.9446615948383453
0.9553133469998303
0.9639599112443101
0.9709692004670769
0.8714633700876381
0.8956229749582179
0.9153517613776587
0.9314399020456308
0.9445410462517025
0.9551950900215413
0.9638472906216786
0.970864290059611
0.8714091978570604
0.895533849410931
0.9152419481858652
0.9313198089755815
0.9444180998545094
0.9550744340243322
0.9637323393569386
0.9707571644338676
0.8713540325552375
0.8954430584469497
0.9151300427973637
0.9311973824405978
0.9442927165510673
0.9549513379084785
0.9636150155829437
0.970647781943452
0.8712978614377577
0.8953505793215741
0.9150160149048779
0.9310725866929086
0.94416485696562
0.9548257601893517
0.9634952769544914
0.9705361003862787
0.871240671817551
0.8952563893191001
0.9148998341512441
0.9309453858306194
0.9440344814562375
0.9546976590079937
0.9633730806551594
0.9704220770075805
0.8711824510752341
0.8951604657688602
0.9147814701472069
0.9308157438147662
0.9439015501294858
0.9545669921424504
0.9632483834048309
0.9703056685035188
0.8711231866707964
0.8950627860617639
0.9146608924898929
0.930683624487115
0.9437660228558811
0.9544337170198599
0.9631211414679185
0.9701868310254053
0.8710628661538169
0.8949633276674273
0.9145380707820077
0.9305489915887774
0.9436278592861699
0.9542977907293471
0.9629913106623308
0.970065520184579
0.8710014771756892
0.8948620681518489
0.9144129746517234
0.9304118087796165
0.9434870188684327
0.9541591700357251
0.9628588463691942
0.9699416910579559
0.8709390075011475
0.8947589851956063
0.9142855737732972
0.9302720396584498
0.9433434608660378
0.954017811394032
0.962723703543354
0.9698152981942783
0.8708754450205427
0.894654056612613
0.9141558378883791
0.9301296477840836
0.9431971443764461
0.9538736709649156
0.9625858367246848
0.9696862956210918
0.8708107777622622
0.8945472603694142
0.9140237368280384
0.929984596697148
0.9430480283508907
0.9537267046308933
0.9624452000502257
0.9695546368524781
0.8707449939054528
0.8944385746049978
0.9138892405355008
0.929836849942771
0.9428960716149389
0.9535768680134972
0.9623017472671703
0.9694202748975685
0.8706780817930087
0.8943279776511409
0.9137523190895835
0.9296863710940705
0.9427412328899456
0.9534241164913312
0.9621554317467346
0.969283162269869
0.8706100299449107
0.8942154480532343
0.9136129427288289
0.929533123776475
0.9425834708154063
0.9532684052190404
0.9620062064989161
0.9691432509974174
0.8705408270717504
0.8941009645916748
0.9134710818763414
0.9293770716928942
0.9424227439722376
0.9531096891472437
0.9618540241881913
0.9690004926338174
0.8704704620885308
0.8939845063036667
0.9133267071652966
0.9292181786496885
0.9422590109069546
0.9529479230433924
0.9616988371501383
0.9688548382701512
0.8703989241287068
0.8938660525055422
0.9131797894651255
0.9290564085834856
0.9420922301567899
0.9527830615136241
0.9615405974090385
0.9687062385478236
0.8703262025584382
0.8937455828155272
0.9130302999083673
0.9288917255888216
0.9419223602757381
0.9526150590255875
0.9613792566964652
0.968554643672351
0.8702522869911002
0.8936230771769663
0.9128782099181726
0.9287240939465855
0.941749359861535
0.9524438699322696
0.9612147664708752
0.9684000034281266
0.8701771673019396
0.893498515881909
0.9127234912364376
0.9285534781532854
0.9415731875835678
0.952269448496828
0.9610470779382373
0.9682422671941912
0.870100833642858
0.8933718795951842
0.9125661159525371
0.9283798429511034
0.941393802211725
0.9520917489184387
0.960876142073699
0.9680813839610295
0.8700232764575669
0.8932431493787816
0.912406056532695
0.9282031533587568
0.941211162646185
0.951910725359182
0.9607019096443344
0.9679173023484341
0.8699444864965964
0.893112306716597
0.9122432858498871
0.9280233747031094
0.9410252279481238
0.9517263319719492
0.9605243312329608
0.9677499706244405
0.8698644548326504
0.8929793335395646
0.9120777772143195
0.9278404726515594
0.9408359573713512
0.951538522929395
0.9603433572630624
0.9675793367253769
0.8697831728759827
0.8928442122509569
0.9119095044044278
0.9276544132451623
0.9406433103948759
0.951347252453935
0.9601589380248339
0.9674053482770504
0.869700632389806
0.8927069257521375
0.9117384416983833
0.9274651629324812
0.9404472467563688
0.9511524748487948
0.959971023702349
0.9672279526170888
0.8696168255058742
0.892567457468358
0.9115645639060449
0.9272726886041206
0.9402477264865207
0.9509541445300926
0.9597795644018683
0.9670470968184599
0.8695317447399582
0.8924257913749495
0.9113878464013679
0.9270769576279474
0.9400447099442905
0.9507522160599754
0.9595845101813012
0.9668627277141942
0.8694453830074196
0.8922819120234629
0.9112082651552189
0.9268779378849616
0.9398381578530242
0.9505466441808083
0.9593858110808405
0.9666747919233435
0.8693577336388084
0.8921358045681982
0.9110257967685323
0.9266755978057752
0.9396280313374149
0.9503373838503826
0.9591834171547508
0.9664832358781652
0.869268790395228
0.8919874547926163
0.9108404185058204
0.9264699064076729
0.9394142919612902
0.9501243902781608
0.9589772785043386
0.9662880058525803
0.8691785474838603
0.8918368491358599
0.9106521083289505
0.9262608333322493
0.9391969017662202
0.9499076189625518
0.9587673453121129
0.9660890479919138
0.8690869995732108
0.8916839747194685
0.9104608449311823
0.9260483488835354
0.9389758233108879
0.9496870257291767
0.9585535678771094
0.9658863083439179
0.8689941418083051
0.8915288193735633
0.9102666077713905
0.9258324240666047
0.9387510197112193
0.9494625667701339
0.9583358966514027
0.9656797328911103
0.8688999698257164
0.8913713716641409
0.9100693771084469
0.9256130306266399
0.9385224546812381
0.9492341986842495
0.9581142822778076
0.9654692675844398
0.8688044797683663
0.8912116209180215
0.909869134035707
0.9253901410883569
0.9382900925746017
0.9490018785182666
0.9578886756287343
0.9652548583782665
0.8687076683001282
0.8910495572502263
0.9096658605155288
0.9251637287957891
0.9380538984267879
0.948765563808977
0.9576590278462249
0.9650364512666915
0.8686095326201742
0.8908851715894976
0.9094595394138306
0.9249337679523665
0.9378138379978983
0.9485252126262597
0.9574252903831337
0.9648139923212207
0.8685100704770035
0.8907184557039998
0.9092501545345375
0.9247002336612457
0.937569877816031
0.9482807836169973
0.9571874150454615
0.9645874277297838
0.8684092801822063
0.8905494022266629
0.9090376906539844
0.924463101965812
0.9373219852211766
0.9480322360498368
0.9569453540358072
0.9643567038370899
0.868307160623815
0.8903780046802441
0.908822133555072
0.9242223498903387
0.9370701284095985
0.9477795298607748
0.9566990599979329
0.9641217671863331
0.8682037112792708
0.8902042575019147
0.9086034700612567
0.9239779554807019
0.9368142764786367
0.9475226256995031
0.9564484860624083
0.9638825645622294
0.8680989322280197
0.8900281560673226
0.9083816880702125
0.9237298978451323
0.9365543994718881
0.9472614849765052
0.9561935858933243
0.9636390430353907
0.8679928241636086
0.8898496967142571
0.9081567765871341
0.9234781571948983
0.9362904684247146
0.9469960699108341
0.9559343137360334
0.9633911500080107
0.867885388405282
0.8896688767656058
0.9079287257576861
0.9232227148848986
0.9360224554100041
0.9467263435785476
0.9556706244658947
0.9631388332608606
0.8677766269091303
0.8894856945517529
0.9076975269003458
0.9229635534540775
0.9357503335841492
0.9464522699617337
0.9554024736379867
0.9628820410015692
0.8676665422785947
0.8893001494322688
0.9074631725383733
0.9227006566655758
0.9354740772331446
0.9461738139980771
0.9551298175377431
0.9626207219141617
0.8675551377744388
0.8891122418168657
0.9072256564309787
0.9224340095465852
0.9351936618187708
0.945890941630919
0.9548526132324767
0.9623548252098428
0.8674424173241171
0.8889219731855438
0.9069849736039236
0.9221635984278145
0.9349090640247878
0.9456036198597504
0.9545708186237517
0.9620843006789946
0.8673283855304526
0.8887293461079186
0.9067411203794004
0.9218894109824967
0.9346202618030508
0.9453118167910578
0.9542843925005354
0.9618090987443407
0.8672130476796567
0.8885343642615893
0.9064940944050859
0.921611436264858
0.9343272344194935
0.9450155016894853
0.9539932945930979
0.9615291705152603
0.8670964097486705
0.8883370324496307
0.9062438946818095
0.9213296647479857
0.9340299624999007
0.9447146450292236
0.9536974856275946
0.9612444678431997
0.8669784784117471
0.8881373566170465
0.9059905215917445
0.9210440883610234
0.9337284280753948
0.9444092185455655
0.9533969273812684
0.9609549433781422
0.8668592610462553
0.8879353438661491
0.9057339769234964
0.9207547005255805
0.933422614627543
0.9440991952865403
0.9530915827382118
0.9606605506260779
0.8667387657377599
0.8877310024708511
0.905474263897775
0.9204614961913283
0.9331125071330212
0.9437845496645726
0.9527814157456211
0.9603612440074342
0.8666170012842309
0.8875243418898413
0.9052113871911925
0.9201644718706803
0.9327980921077563
0.9434652575080663
0.9524663916704748
0.9600569789163986
0.8664939771994747
0.8873153727785525
0.9049453529590202
0.919863625672469
0.9324793576504439
0.9431412961128428
0.9521464770565573
0.9597477117810812
0.8663697037156446
0.8871041069998178
0.9046761688565783
0.9195589573345767
0.9321562934853611
0.9428126442933328
0.9518216397817458
0.9594334001244322
0.8662441917850146
0.8868905576333858
0.9044038440593618
0.9192504682553769
0.9318288910044285
0.9424792824334709
0.9514918491154949
0.9591140026258781
0.8661174530806364
0.8866747389839873
0.904128389281803
0.9189381615240128
0.9314971433083484
0.9421411925371515
0.9511570757764116
0.9587894791835592
0.8659894999964239
0.8864566665881556
0.9038498167944414
0.9186220419493436
0.9311610452468454
0.9417983582782093
0.9508172919898579
0.9584597909771309
0.8658603456459754
0.8862363572195681
0.9035681404397337
0.9183021160874894
0.9308205934578093
0.9414507650497853
0.9504724715454632
0.9581249005310098
0.8657300038607162
0.8860138288930288
0.9032833756461868
0.9179783922680196
0.9304757864053513
0.9410984000130204
0.950122589854477
0.9577847717780087
0.8655984891869859
0.8857891008669483
0.9029955394409286
0.9176508806184699
0.9301266244165921
0.9407412521449521
0.9497676240068417
0.957439370123236
0.8654658168822708
0.8855621936444409
0.9027046504605774
0.9173195930874816
0.9297731097172053
0.9403793122855405
0.9494075528279154
0.9570886625082039
0.8653320029103657
0.8853331289727915
0.9024107289604334
0.9169845434661174
0.9294152464654976
0.9400125731837095
0.9490423569347012
0.9567326174750047
0.8651970639357282
0.8851019298415232
0.9021137968218788
0.9166457474074291
0.9290530407850706
0.9396410295423089
0.948672018791525
0.9563712052304809
0.8650610173167649
0.8848686204788527
0.9018138775579978
0.9163032224444025
0.9286865007958797
0.9392646780619034
0.9482965227650144
0.9560043977102738
0.8649238810982658
0.8846332263466423
0.9015109963173472
0.9159569880059105
0.9283156366436622
0.9388835174832816
0.9479158551782996
0.9556321686426349
0.8647856740028144
0.8843957741337861
0.9012051798858659
0.9156070654308142
0.9279404605276249
0.9384975486285937
0.947530004364307
0.9552544936118946
0.8646464154213247
0.8841562917479918
0.900896456686925
0.9152534779800593
0.9275609867263672
0.9381067744410033
0.9471389607180523
0.9548713501214724
0.864506125402652
0.8839148083060644
0.9005848567793501
0.9148962508468418
0.9271772316218004
0.9377112000227835
0.946742716747793
0.9544827176562978
0.8643648246422249
0.8836713541225593
0.9002704118536402
0.9145354111645669
0.9267892137212701
0.9373108326717214
0.946341267124962
0.9540885777445408
0.8642225344698558
0.8834259606969381
0.899953155226098
0.9141709880128293
0.9263969536775759
0.9369056819157747
0.9459346087327449
0.9536889140185039
0.8640792768366152
0.8831786606990709
0.8996331218310684
0.9138030124211574
0.9260004743066614
0.9364957595458482
0.9455227407131821
0.9532837122745702
0.8639350743008808
0.8829294879533633
0.8993103482111218
0.9134315173706109
0.925599800603673
0.9360810796466297
0.9451056645127118
0.9528729605320723
0.8637899500135069
0.8826784774211668
0.8989848725053164
0.9130565377931169
0.9251949597561638
0.935661658625365
0.9446833839260165
0.9524566490909518
0.8636439277021994
0.8824256651818114
0.8986567344354086
0.9126781105685636
0.9247859811554232
0.935237515238513
0.9442559051380426
0.9520347705880801
0.8634970316550429
0.8821710884121191
0.8983259752901299
0.9122962745196341
0.9243728964052514
0.9348086706161691
0.9438232367641531
0.951607320052117
0.8633492867033975
0.8819147853644477
0.8979926379074001
0.9119110704043262
0.9239557393284744
0.9343751482842158
0.943385389888206
0.9511742949567662
0.8632007182038359
0.8816567953433265
0.8976567666546783
0.9115225409061494
0.9235345459708829
0.9339369741840184
0.942942378098531
0.9507356952723064
0.8630513520195686
0.8813971586806756
0.897318407407275
0.9111307306219917
0.9231093546027137
0.9334941766896926
0.9424942175216617
0.9502915235152652
0.8629012145010797
0.8811359167097037
0.8969776075247967
0.910735686047703
0.9226802057176421
0.9330467866229468
0.9420409268537316
0.9498417847960997
0.8627503324662087
0.880873111737427
0.8966344158256064
0.9103374555612727
0.922247142029163
0.9325948372651591
0.9415825273893987
0.9493864868647734
0.8625987331794734
0.8806087870159758
0.8962888825595079
0.909936089403757
0.9218102084643927
0.9321383643669126
0.9411190430483003
0.9489256401540865
0.8624464443309645
0.8803429867126233
0.8959410593785221
0.909531639657791
0.9213694521552548
0.9316774061546984
0.9406505003987908
0.9484592578206403
0.8622934940147183
0.8800757558786789
0.8955909993058716
0.9091241602239241
0.920924922427024
0.9312120033349812
0.9401769286790086
0.9479873557833314
0.8621399107064256
0.8798071404172064
0.8952387567032298
0.9087137067945563
0.9204766707842372
0.9307421990953428
0.9396983598153434
0.9475099527592189
0.8619857232408306
0.8795371870496594
0.8948843872362238
0.9083003368256725
0.9200247508939202
0.9302680391027823
0.9392148284370464
0.9470270702967025
0.8618309607887367
0.8792659432815634
0.8945279478382899
0.9078841095063261
0.9195692185662062
0.9297895714991538
0.9387263718899721
0.9465387328058505
0.8616756528335037
0.8789934573671383
0.8941694966729248
0.9074650857259379
0.9191101317322334
0.9293068468935928
0.9382330302447468
0.946044967585808
0.8615198291473346
0.8787197782731113
0.8938090930943726
0.9070433280394338
0.9186475504194602
0.9288199183520518
0.9377348463036289
0.9455458048491622
0.8613635197672446
0.8784449556416204
0.8934467976068357
0.9066189006302614
0.9181815367243534
0.9283288413838179
0.9372318656035578
0.9450412777431745
0.8612067549707029
0.8781690397523485
0.8930826718222323
0.9061918692713405
0.9177121547824089
0.9278336739250562
0.9367241364160767
0.9445314223676865
0.8610495652512661
0.8778920814839695
0.8927167784166081
0.9057623012840244
0.9172394707356715
0.927334476319335
0.9362117097440251
0.9440162777902852
0.860891981293846
0.8776141322749713
0.8923491810852744
0.9053302654950681
0.916763552697662
0.9268313112951586
0.9356946393149678
0.9434958860567577
0.8607340339499749
0.8773352440837717
0.8919799444967175
0.9048958321917574
0.9162844707158065
0.9263242439405198
0.9351729815712537
0.9429702921997234
0.860575754212975
0.8770554693485034
0.891609134245284
0.9044590730751332
0.9158022967314259
0.9258133416744267
0.9346467956567559
0.9424395442426308
0.8604171731931082
0.8767748609462032
0.8912368168029728
0.9040200612115451
0.9153171045372683
0.9252986742155191
0.9341161434002546
0.9419036932004997
0.860258322092736
0.8764934721516885
0.8908630594700828
0.9035788709824644
0.9148289697327402
0.9247803135477287
0.933581089295449
0.9413627930770334
0.8600992321815248
0.8762113565961517
0.8904879303249997
0.9031355780327159
0.9143379696767978
0.9242583338829915
0.9330417004775462
0.94081690085805
0.8599399347717435
0.8759285682254656
0.8901114981731991
0.90269025921717
0.9138441834386086
0.9237328116211685
0.932498046696558
0.9402660765011673
0.8597804611937336
0.8756451612582983
0.8897338324954601
0.9022429925459964
0.9133476917460689
0.9232038253070942
0.9319502002871519
0.9397103829217299
0.859620842771512
0.8753611901442769
0.8893550033954157
0.9017938571285676
0.9128485769322329
0.9226714555848476
0.9313982361352203
0.9391498859750065
0.8594611107986259
0.8750767095219076
0.8889750815465929
0.9013429331160955
0.9123469228797165
0.9221357851493747
0.9308422316410947
0.9385846544345983
0.8593012965141674
0.874791774176684
0.8885941381389068
0.9008903016430796
0.91184281496318
0.9215968986953804
0.9302822666795133
0.938014759967035
0.8591414310792702
0.8745064389992548
0.8882122448247622
0.900436044767702
0.9113363399900026
0.9210548828637055
0.9297184235563241
0.9374402771026437
0.8589815455537169
0.8742207589437208
0.8878294736648795
0.899980245411177
0.9108275861391552
0.9205098261851676
0.9291507869619933
0.9368612832026206
0.8588216708730365
0.873934788986237
0.8874458970738461
0.8995229872963012
0.9103166428984845
0.9199618190220096
0.928579443922009
0.9362778584223825
0.8586618378258806
0.8736485840838074
0.8870615877655621
0.8990643548851018
0.9098036010003967
0.9194109535069687
0.9280044837441948
0.9356900856712067
0.8585020770319944
0.8733621991335648
0.8866766186986156
0.8986044333159108
0.9092885523561409
0.9188573234801668
0.9274259979630153
0.9350980505682143
0.8583424189204042
0.873075688932323
0.8862910630216642
0.8981433083397418
0.9087715899886659
0.9183010244237826
0.926844080280991
0.9345018413947096
0.8581828937082973
0.8727891081367141
0.8859049940189905
0.8976810662562158
0.908252807964345
0.9177421533947425
0.9262588265072286
0.9339015490429997
0.8580235313802816
0.8725025112237982
0.8855184850561985
0.8972177938491455
0.9077323013234735
0.9171808089554457
0.9256703344932777
0.9332972669616943
0.8578643616681453
0.8722159524522565
0.8851316095261406
0.8967535783217311
0.9072101660098009
0.9166170911026333
0.9250787040662591
0.9326890910975766
0.8577054140312955
0.8719294858242497
0.8847444407953721
0.8962885072316651
0.9066864987991599
0.916051101194601
0.9244840369594977
0.9320771198341734
0.8575467176376691
0.871643165047916
0.8843570521508255
0.8958226684260462
0.9061613972272374
0.9154829418767629
0.9238864367406978
0.9314614539270314
0.857388301345196
0.871357043500642
0.8839695167471181
0.8953561499764171
0.9056349595167683
0.9149127170057454
0.9232860087378122
0.9308421964358811
0.8572301936840477
0.8710711741930518
0.8835819075544333
0.894889040113795
0.9051072845040617
0.9143405315721433
0.9226828599626646
0.9302194526537142
0.8570724228392861
0.87078560973392
0.8831942973069715
0.8944214271640006
0.9045784715651658
0.9137664916220193
0.9220770990325475
0.9295933300329686
0.8569150166342875
0.8705004022957846
0.8828067584522837
0.8939533994832305
0.9040486205416323
0.9131907041773174
0.9214688360898288
0.9289639381088651
0.8567580025147905
0.8702156035816042
0.8824193631011897
0.8934850453940284
0.903517831666107
0.912613277155266
0.9208581827197236
0.9283313884200293
0.8566014075336403
0.8699312647922588
0.8820321829787207
0.8930164531217955
0.9029862054878014
0.9120343192869946
0.9202452518664352
0.92769579442661
0.8564452583361308
0.8696474365950382
0.8816452893758226
0.8925477107317881
0.9024538427979937
0.9114539400353516
0.9196301577476713
0.9270572714259125
0.8562895811460136
0.8693641690931261
0.8812587531022217
0.8920789060668449
0.9019208445556012
0.9108722495122271
0.9190130157678105
0.9264159364657674
0.8561344017523448
0.8690815117961213
0.8808726444401254
0.891610126685866
0.9013873118130665
0.9102893583953129
0.9183939424297854
0.9257719082557443
0.8559797454968322
0.868799513591522
0.8804870330990856
0.8911414598030467
0.9008533456425235
0.909705377844675
0.9177730552458183
0.9251253070763814
0.8558256372620882
0.8685182227174353
0.8801019881720046
0.8906729922281065
0.900319047062448
0.9091204194190151
0.9171504726472455
0.9244762546865581
0.8556721014602635
0.8682376867361281
0.8797175780923058
0.8902048103074793
0.8997845169648688
0.908534594991901
0.9165263138934462
0.923824874229201
0.8555191620227229
0.8679579525089636
0.8793338705922595
0.8897369998665103
0.8992498560432413
0.9079480166681564
0.9159006989801275
0.9231712901354512
0.8553668423902677
0.8676790661722513
0.8789509326627036
0.8892696461528616
0.8987151647210385
0.9073607967002827
0.9152737485471023
0.922515628027461
0.855215165503926
0.8674010731143074
0.8785688305138979
0.888802833781069
0.8981805430812925
0.9067730474053671
0.9146455837856536
0.9218580146200153
0.8550641537966757
0.8671240179535927
0.878187629537761
0.8883366466783544
0.8976460907970139
0.9061848810822972
0.9140163263456624
0.9211985776210739
0.8549138291857084
0.8668479445181116
0.8778073942715887
0.8878711680317778
0.8971119070626737
0.9055964099296777
0.9133860982426957
0.9205374456315013
0.8547642130652983
0.8665728958258638
0.8774281883629407
0.8874064802367805
0.8965780905268642
0.9050077459643021
0.9127550217651164
0.9198747480440544
0.8546153263006061
0.866298914066449
0.8770500745361083
0.8869426648470818
0.8960447392261328
0.9044190009405348
0.9121232193813845
0.9192106149418184
0.8544671892218323
0.8660260405838733
0.8766731145599232
0.8864798025261473
0.8955119505201099
0.9038302862705219
0.9114908136477985
0.9185451769963356
0.854319821619275
0.8657543158605062
0.8762973692170821
0.8860179730001361
0.8949798210280948
0.9032417129455306
0.9108579271165922
0.917878565365486
0.8541732427388606
0.865483779502126
0.8759228982748001
0.885557255012398
0.8944484465669652
0.9026533914582945
0.9102246822447589
0.9172109115913116
0.8540274712784874
0.8652144702241776
0.8755497604571443
0.885097726279619
0.8939179220907355
0.9020654317266938
0.9095912013036018
0.916542347498026
0.8538825253847522
0.8649464258391314
0.8751780134186776
0.8846394634495321
0.8933883416316052
0.9014779430187562
0.9089576062891921
0.9158730050902603
0.8537384226505275
0.8646796832449809
0.8748077137196208
0.8841825420603959
0.8928597982427435
0.9008910338789935
0.9083240188338003
0.9152030164517617
0.853595180112984
0.8644142784147816
0.8744389168026201
0.8837270365020585
0.8923323839426605
0.9003048120563953
0.9076905601185083
0.9145325136446909
0.853452814252216
0.8641502463874517
0.8740716769708257
0.8832730199788323
0.8918061896614343
0.8997193844339129
0.9070573507871056
0.9138616286096726
0.8533113409905477
0.8638876212594764
0.8737060473676292
0.8828205644740299
0.8912813051887215
0.8991348569596779
0.9064245108612975
0.9131904930667826
0.8531707756922116
0.8636264361778218
0.8733420799577849
0.8823697407163285
0.8907578191235888
0.8985513345799556
0.9057921596574834
0.9125192384174959
0.8530311331637065
0.8633667233338401
0.8729798255100477
0.8819206181478139
0.8902358188262383
0.8979689211739821
0.9051604157050225
0.9118479956478747
0.852892427654683
0.8631085139581729
0.8726193335812523
0.8814732648938808
0.889715390371685
0.8973877194906189
0.9045293966663179
0.9111768952330994
0.8527546728591467
0.8628518383167947
0.8722606525018612
0.881027747734841
0.8891966185053191
0.8968078310870279
0.903899219258616
0.9105060670433883
0.8526178819174526
0.8625967257079012
0.8719038293630048
0.8805841320793992
0.8886795866005736
0.8962293562693611
0.9032699991776584
0.9098356402515588
0.852482067418476
0.8623432044598521
0.8715489100048184
0.8801424819397703
0.8881643766184398
0.8956523940354385
0.9026418510234308
0.9091657432422184
0.8523472414024859
0.8620913019300809
0.8711959390063557
0.87970285990878
0.8876510690691409
0.8950770420197169
0.9020148882278047
0.9084965035228444
0.8522134153642389
0.8618410445048748
0.8708449596767286
0.8792653271384941
0.8871397429757315
0.8945033964401775
0.9013892229844188
0.9078280476367389
0.8520806002566785
0.8615924576000664
0.8704960140477263
0.87882994332082
0.8866304758398267
0.8939315520476483
0.9007649661806647
0.907160501078022
0.8519488064949485
0.8613455656626481
0.8701491428676942
0.8783967666697183
0.8861233436093336
0.8933616020771783
0.9001422273320344
0.9064939882087761
0.8518180439607724
0.8611003921731312
0.8698043855968257
0.8779658539052102
0.8856184206482953
0.8927936382017441
0.8995211145186518
0.9058286321783747
0.8516883220072966
0.8608569596489272
0.86946178040363
0.8775372602390756
0.8851157797086555
0.8922277504882404
0.8989017343242883
0.9051645548451085
0.8515596494641379
0.860615289648222
0.8691213641627016
0.8771110393622421
0.8846154919042679
0.8916640273557438
0.8982841917777066
0.9045018767002885
0.8514320346429745
0.860375402774942
0.8687831724538303
0.8766872434338993
0.8841176266867794
0.8911025555360657
0.897668590296509
0.9038407167946702
0.8513054853431905
0.860137318684197
0.8684472395621122
0.876265923072125
0.883622251823598
0.8905434200366859
0.8970550316334446
0.9031811926675065
0.8511800088581216
0.8599010560886364
0.8681135984793661
0.8758471273462906
0.8831294333779458
0.8899867041059609
0.8964436158252643
0.9025234202781468
0.8510556119813086
0.8596666327653099
0.8677822809066864
0.8754309037709445
0.8826392356908035
0.8894324892006347
0.8958344411441076
0.9018675139402801
0.850932301013155
0.8594340655633586
0.8674533172580131
0.8750172983013532
0.8821517213648185
0.8888808549557657
0.8952276040514111
0.901213586258874
0.8508100817679076
0.8592033704122043
0.8671267366649352
0.8746063553303673
0.8816669512503158
0.888331879156842
0.8946231991544868
0.9005617480698666
0.8506889595806317
0.8589745623303642
0.8668025669822913
0.8741981176870598
0.8811849844330955
0.887785637714297
0.894021319165626
0.899912108382555
0.8505689393147089
0.8587476554349466
0.8664808347949597
0.8737926266366515
0.8807058782241469
0.8872422046402481
0.8934220548637835
0.899264774324876
0.8504500253692489
0.8585226629514513
0.8661615654256181
0.8733899218818288
0.8802296881512819
0.8867016520275117
0.8928254950588683
0.8986198510914345
0.8503322216869363
0.8582995972243538
0.8658447829432536
0.8729900415655096
0.879756467952514
0.8861640500309078
0.8922317265587014
0.8979774418944225
0.8502155317618321
0.8580784697280077
0.8655305101727424
0.8725930222750036
0.8792862695713524
0.8856294668507052
0.8916408341383862
0.897337647917366
0.8500999586474983
0.8578592910780695
0.8652187687052757
0.8721988990473523
0.8788191431537205
0.885097968718289
0.891052900512378
0.8967005682717035
0.8499855049651519
0.8576420710432806
0.8649095789094334
0.8718077053759868
0.8783551370466984
0.8845696198840151
0.8904680063090297
0.8960662999562943
0.849872172912064
0.8574268185577567
0.8646029599432727
0.8714194732186483
0.8778942977988737
0.8840444826071332
0.8898862300477371
0.8954349378197305
0.8497599642699466
0.8572135417336467
0.8642989297669821
0.8710342330064027
0.8774366701623791
0.8835226171478068
0.8893076481184167
0.8948065745255227
0.8496488804135237
0.8570022478740393
0.8639975051563327
0.8706520136538842
0.8769822970964595
0.8830040817612168
0.8887323347636658
0.8941813005200663
0.849538922319143
0.8567929434862547
0.8636987017168212
0.8702728425704804
0.8765312197726399
0.8824889326935741
0.8881603620631816
0.8935592040035059
0.8494300905735221
0.8565856342955362
0.8634025338983635
0.8698967456728258
0.8760834775813419
0.8819772241802303
0.8875917999206276
0.8929403709033278
0.8493223853824579
0.8563803252588162
0.8631090150106298
0.869523747397905
0.875639108140001
0.8814690084454644
0.887026716052921
0.8923248848507467
0.8492158065797722
0.8561770205789154
0.862818157239011
0.8691538707175709
0.8751981473025442
0.8809643357044813
0.8864651759816877
0.8917128271597976
0.8491103536360168
0.8559757237188856
0.8625299716610221
0.8687871371536094
0.87476062917021
0.8804632541668105
0.8859072430271526
0.8911042768091348
0.8490060256674825
0.8557764374165351
0.8622444682632643
0.8684235667938663
0.8743265861037408
0.8799658100418193
0.8853529783041041
0.8904993104264762
0.8489028214450794
0.855579163699232
0.8619616559587524
0.8680631783091688
0.8738960487367379
0.8794720475456915
0.8848024407201384
0.8898980022757284
0.8488007394032712
0.8553839038987716
0.8616815426048505
0.8677059889709804
0.8734690459902632
0.8789820089102249
0.8842556869759298
0.8893004242465308
0.8486997776489554
0.8551906586664115
0.8614041350214003
0.8673520146698473
0.8730456050886213
0.8784957343930776
0.883712771567613
0.8887066458464736
0.848599933970374
0.8549994279880582
0.8611294390093867
0.8670012699345345
0.8726257515761559
0.8780132622897067
0.8831737467911138
0.8881167341956757
0.8485012058461056
0.8548102111995095
0.8608574593697707
0.8666537679518217
0.8722095093351886
0.8775346289466264
0.882638662748551
0.8875307540237749
0.8484035904537519
0.8546230070018024
0.8605881999227836
0.8663095205868958
0.8717969006048921
0.8770598687762691
0.882107567356377
0.8869487676693589
0.8483070846789136
0.854437813476608
0.8603216635273492
0.8659685384043154
0.8713879460011
0.8765890142731149
0.8815805063553519
0.8863708350815435
0.8482116851238617
0.8542546281016516
0.8600578521008402
0.8656308306894789
0.8709826645371022
0.8761220960310814
0.8810575233224904
0.8857970138238991
0.8481173881163779
0.8540734477662205
0.8597967666390302
0.8652964054707194
0.8705810736451802
0.875659142762333
0.8805386596843784
0.8852273590804909
0.8480241897183197
0.8538942687865922
0.8595384072361828
0.8649652695416317
0.8701831891989699
0.8752001813171408
0.8800239547324039
0.8846619236639721
0.8479320857342689
0.8537170869215387
0.8592827731053424
0.8646374284840408
0.8697890255366598
0.8747452367049261
0.8795134456394299
0.8841007580258191
0.8478410717200722
0.8535418973876758
0.8590298625987501
0.864312886691158
0.8693985954846899
0.8742943321164689
0.8790071674779694
0.8835439102684228
0.8477511429912906
0.8533686948749932
0.8587796732283312
0.863991647391191
0.8690119103823568
0.8738474889469164
0.8785051532398783
0.8829914261590873
0.8476622946315153
0.8531974735620935
0.8585322016862709
0.8636737126711932
0.868628980106798
0.8734047268200749
0.8780074338573501
0.8824433491459281
0.8475745215007419
0.8530282271314894
0.8582874438656924
0.8633590835012398
0.8682498130985853
0.8729660636132948
0.8775140382252478
0.881899720375384
0.8474878182435381
0.8528609487848637
0.8580453948813092
0.8630477597587661
0.8678744163880165
0.8725315154834399
0.8770249932247333
0.8813605787115854
0.8474021792970625
0.8526956312580204
0.8578060490901018
0.8627397402531409
0.8675027956215482
0.8721010968935491
0.8765403237479643
0.8808259607571558
0.8473175988991146
0.8525322668361046
0.8575694001120073
0.862435022750473
0.8671349550889388
0.8716748206402416
0.876060052724044
0.8802959008756649
0.8472340710960558
0.8523708473682833
0.8573354408505085
0.8621336039983589
0.8667708977505791
0.8712526978818705
0.8755842011459359
0.8797704312154524
0.847151589750482
0.8522113642825908
0.8571041635132649
0.8618354797509836
0.8664106252652921
0.8708347381672068
0.8751127880983747
0.8792495817349745
0.8470701485489515
0.8520538086005637
0.8568755596326043
0.8615406447940729
0.8660541380183119
0.8704209494648466
0.8746458307867493
0.8787333802293014
0.8469897410095473
0.8518981709516862
0.8566496200859488
0.8612490929700615
0.8657014351496588
0.8700113381930166
0.8741833445668185
0.8782218523580317
0.8469103604891939
0.8517444415876478
0.8564263351161048
0.8609608172031327
0.8653525145825387
0.8696059092499904
0.8737253429752534
0.8777150216742023
0.8468320001911409
0.8515926103966457
0.8562056943514078
0.8606758095244065
0.8650073730521253
0.8692046660447486
0.8732718377608996
0.8772129096544561
0.8467546531719214
0.8514426669172523
0.8559876868259393
0.8603940610969774
0.864666006134347
0.8688076105282978
0.8728228389167214
0.8767155357302435
0.8466783123486129
0.8512946003522228
0.8557723009992183
0.8601155622408629
0.8643284082748629
0.8684147432250964
0.8723783547124613
0.8762229173198407
0.84660297050561
0.851148399582212
0.8555595247760077
0.8598403024580592
0.8639945728180279
0.8680260632648081
0.8719383917276897
0.8757350698614061
0.8465286203015102
0.8510040531790797
0.8553493455259007
0.8595682704572298
0.8636644920359865
0.867641568414441
0.8715029548855704
0.8752520068468566
0.8464552542757454
0.8508615494192342
0.855141750102603
0.859299454178565
0.8633381571577667
0.8672612551106084
0.8710720474870176
0.8747737398564785
0.8463828648550957
0.8507208762966011
0.8549367248630542
0.8590338408181509
0.8630155583982153
0.8668851184918428
0.8706456712451205
0.8743002785941582
0.8463114443601634
0.8505820215354688
0.85473425568642
0.858771416852524
0.8626966849870894
0.8665131524312227
0.8702238263201714
0.8738316309235192
0.8462409850115212
0.8504449726031038
0.8545343279927518
0.8585121680627663
0.8623815251979499
0.8661453495690394
0.8698065113548014
0.8733678029043184
0.8461714789359724
0.8503097167221632
0.854336926761357
0.8582560795585739
0.8620700663769916
0.865781701345337
0.8693937235095017
0.8729087988295479
0.8461029181724596
0.8501762408828296
0.854142036549191
0.8580031358019933
0.8617622949716065
0.8654221980327876
0.8689854584982661
0.8724546212629838
0.8460352946779471
0.8500445318548241
0.85394964150862
0.8577533206309742
0.8614581965590408
0.8650668287691892
0.8685817106244381
0.8720052710770654
0.8459686003332149
0.8499145761991131
0.8537597254051923
0.857506617282692
0.861157755874661
0.8647155815901979
0.8681824728166282
0.8715607474911813
0.845902826948371
0.8497863602794589
0.8535722716350829
0.8572630084165869
0.8608609568401262
0.8643684434618019
0.8677877366648878
0.8711210481102565
0.8458379662683158
0.8496598702736153
0.8533872632421271
0.8570224761371046
0.8605677825912328
0.8640254003126815
0.8673974924566523
0.8706861689634808
0.845774009978136
0.8495350921844795
0.8532046829348285
0.8567850020161631
0.8602782155056848
0.863686437066601
0.8670117292128648
0.8702561045433923
0.8457109497082493
0.8494120118508429
0.8530245131027863
0.8565505671153799
0.8599922372304347
0.8633515376743165
0.8666304347239735
0.8698308478449198
0.8456487770394234
0.8492906149579476
0.8528467358330324
0.856319152007829
0.8597098287087683
0.8630206851455964
0.8662535955859128
0.8694103904046555
0.8455874835078614
0.8491708870479874
0.8526713329260094
0.8560907367996884
0.8594309702072812
0.8626938615807529
0.8658811972359594
0.868994722340114
0.8455270606097471
0.8490528135300257
0.8524982859112411
0.855865301151435
0.8591556413422521
0.8623710482020912
0.8655132239883602
0.8685838323889699
0.8454674998061479
0.8489363796900692
0.8523275760627199
0.855642824298649
0.8588838211058596
0.8620522253850782
0.865149659069874
0.8681777079483284
0.8454087925274666
0.8488215707005415
0.8521591844139007
0.8554232850726352
0.8586154878920866
0.8617373726890173
0.8647904846550754
0.8677763351138368
0.8453509301777649
0.8487083716299104
0.8519930917725967
0.855206661920548
0.8583506195221906
0.8614264688876754
0.864435681901365
0.867379698718749
0.8452939041391978
0.8485967674516488
0.8518292787352781
0.8549929329252833
0.8580891932697163
0.8611194919994317
0.8640852309838194
0.8669877823727481
0.8452377057760467
0.8484867430533474
0.8516677257012734
0.8547820758248856
0.8578311858854604
0.8608164193170293
0.863739111129644
0.866600568500687
0.845182326438837
0.8483782832453948
0.8515084128866024
0.8545740680316094
0.8575765736216534
0.860517227437014
0.86339730065237
0.8662180383809485
0.8451277574682232
0.8482713727694408
0.8513513203374616
0.854368886650818
0.8573253322559587
0.8602218922888333
0.8630597769856608
0.8658401721837108
0.8450739901987331
0.8481659963067096
0.8511964279433947
0.8541665084990706
0.8570774371150872
0.8599303891634744
0.8627265167167768
0.8654669490088065
0.8450210159624701
0.8480621384860106
0.851043715450222
0.8539669101223313
0.8568328630979154
0.8596426927416922
0.8623974956197489
0.865098346923341
0.8449688260927193
0.8479597838915669
0.850893162472536
0.8537700678134472
0.8565915846981651
0.8593587771217408
0.8620726886878923
0.8647343429988634
0.8449174119272872
0.8478589170705809
0.8507447485060464
0.8535759576294322
0.8563535760267958
0.8590786158468373
0.8617520701662476
0.8643749133482721
0.8448667648119229
0.8477595225406651
0.8505984529393966
0.8533845554081639
0.8561188108337953
0.8588021819320064
0.8614356135832377
0.8640200331622762
0.8448168761034012
0.8476615847969701
0.8504542550659403
0.8531958367850129
0.8558872625296967
0.8585294478906196
0.8611232917821723
0.8636696767454706
0.8447677371727896
0.8475650883190609
0.8503121340949109
0.8530097772087508
0.8556589042064975
0.858260385760274
0.860815076951986
0.8633238175518191
0.8447193394082755
0.8474700175777399
0.850172069162538
0.8528263519573279
0.8554337086582767
0.8579949671283832
0.8605109406578078
0.8629824282199308
0.8446716742181108
0.847376357041504
0.8500340393427455
0.8526455361530949
0.8552116484012975
0.857733163157158
0.8602108538707891
0.8626454806076476
0.8446247330335094
0.8472840911828992
0.8498980236575462
0.8524673047778083
0.8549926956936702
0.8574749446082534
0.8599147869975061
0.862312945826246
0.844578507311045
0.8471932044845603
0.8497640010870754
0.8522916326870451
0.8547768225545814
0.8572202818666554
0.8596227099089176
0.8619847942740197
0.8445329885355028
0.8471036814451265
0.8496319505795856
0.8521184946244661
0.8545640007830198
0.8569691449643728
0.8593345919687154
0.8616609956695301
0.8444881682221795
0.847015506585026
0.8495018510607403
0.8519478652355092
0.8543542019762473
0.8567215036034392
0.8590504020610983
0.861341519084049
0.8444440379193703
0.8469286644518681
0.8493736814430728
0.8517797190808314
0.8541473975475087
0.8564773271784921
0.8587701086182068
0.8610263329736841
0.844400589210546
0.8468431396257933
0.849247420634724
0.8516140306493369
0.8539435587435773
0.8562365847987866
0.8584936796467761
0.8607154052108389
0.844357813716616
0.8467589167246496
0.8491230475482328
0.8514507743707791
0.8537426566617108
0.8559992453097716
0.858221082754413
0.8604087031150334
0.8443157030979667
0.8466759804088485
0.8490005411088439
0.8512899246281356
0.8535446622661822
0.8557652773141196
0.8579522851751691
0.8601061934833187
0.8442742490565212
0.846594315386167
0.8488798802627124
0.8511314557694836
0.8533495464044429
0.8555346491922393
0.8576872537947678
0.8598078426199475
0.8442334433376352
0.8465139064162827
0.848761043984526
0.8509753421195483
0.8531572798227098
0.8553073291223343
0.8574259551750161
0.8595136163655007
0.8441932777318936
0.8464347383152477
0.8486440112853565
0.8508215579909807
0.8529678331812657
0.8550832850998629
0.8571683555778948
0.8592234801254242
0.844153744076939
0.8463567959596265
0.8485287612196952
0.8506700776951683
0.8527811770692342
0.8548624849566653
0.8569144209888961
0.8589373988979941
0.844114834259039
0.8462800642905661
0.8484152728926593
0.8505208755527286
0.8525972820189442
0.8546448963793385
0.8566641171399123
0.8586553373015249
0.844076540214743
0.8462045283177128
0.8483035254667026
0.8503739259037718
0.8524161185198774
0.8544304869273808
0.8564174095315684
0.8583772596012123
0.8440388539323802
0.8461301731229163
0.848193498168181
0.8502292031176657
0.8522376570322422
0.854219224050635
0.8561742634549041
0.858103129735101
0.8440017674534457
0.846056983863794
0.8480851702936006
0.8500866816024983
0.8520618679999771
0.8540110751063386
0.8559346440125488
0.8578329113395998
0.8439652728740354
0.8459849457771671
0.8479785212157103
0.8499463358143398
0.8518887218635967
0.853806007375657
0.8556985161393857
0.857566567774404
0.8439293623460687
0.8459140441822249
0.8478735303892715
0.8498081402660236
0.8517181890723078
0.8536039880798107
0.8554658446225643
0.8573040621466465
0.8438940280785032
0.8458442644837713
0.8477701773566483
0.8496720695357726
0.8515502400960672
0.8534049843954874
0.8552365941210702
0.8570453573345191
0.8438592623385386
0.8457755921750663
0.8476684417531904
0.8495380982752812
0.8513848454370351
0.8532089634701666
0.8550107291846665
0.8567904160104762
0.843825057452626
0.8457080128406513
0.8475683033122103
0.8494062012176936
0.8512219756405504
0.8530158924365604
0.8547882142722821
0.8565392006633561
0.8437914058075662
0.8456415121591611
0.8474697418701497
0.8492763531852667
0.8510616013061112
0.8528257384269062
0.8545690137699472
0.8562916736204687
0.8437582998513466
0.8455760759056411
0.8473727373709565
0.8491485290965889
0.850903693097411
0.8526384685866034
0.854353092008139
0.8560477970685771
0.8437257320941339
0.8455116899541337
0.8472772698708092
0.8490227039736803
0.850748221752544
0.8524540500875246
0.8541404132785068
0.8558075330746814
0.8436936951090418
0.8454483402799171
0.8471833195422508
0.8488988529486342
0.8505951580935492
0.8522724501407429
0.8539309418503962
0.8555708436058729
0.843662181532979
0.8453860129616264
0.8470908666783474
0.8487769512702334
0.8504444730355936
0.8520936360090889
0.8537246419863851
0.8553376905488903
0.8436311840672633
0.8453246941832906
0.8469998916964727
0.8486569743099253
0.8502961375959345
0.8519175750188402
0.8535214779576972
0.8551080357288301
0.8436006954783339
0.8452643702362578
0.8469103751420511
0.8485388975679224
0.8501501229023979
0.8517442345714258
0.8533214140589442
0.8548818409275315
0.8435707085983757
0.8452050275210189
0.8468222976921072
0.8484226966787254
0.8500064002016756
0.8515735821544755
0.8531244146223746
0.8546590679012078
0.8435412163258582
0.8451466525488373
0.8467356401583878
0.8483083474166154
0.8498649408670911
0.8514055853524491
0.8529304440317171
0.8544396783975604
0.8435122116260154
0.8450892319433054
0.8466503834907994
0.8481958257007561
0.8497257164061985
0.8512402118569408
0.852739466735414
0.8542236341723783
0.8434836875313854
0.8450327524419456
0.8465665087800597
0.8480851076000543
0.8495886984680288
0.851077429476618
0.8525514472594795
0.8540108970055568
0.8434556371421267
0.8449772008973472
0.8464839972607117
0.8479761693378653
0.8494538588498834
0.850917206146591
0.8523663502198364
0.8538014287165591
0.843428053626423
0.8449225642786754
0.8464028303136321
0.8478689872964462
0.8493211695040895
0.8507595099376202
0.8521841403342577
0.8535951911793784
0.843400930220832
0.8448688296726372
0.8463229894685723
0.8477635380210611
0.849190602544163
0.8506043090648043
0.8520047824338218
0.8533921463369402
0.8433742602305305
0.8448159842846145
0.8462444564064502
0.8476597982240556
0.849062130250868
0.8504515718958935
0.8518282414737951
0.853192256215013
0.8433480370295594
0.844764015439718
0.8461672129614671
0.8475577447885382
0.8489357250779463
0.8503012669593917
0.8516544825443877
0.8529954829355832
0.8433222540610333
0.84471291058354
0.8460912411232259
0.8474573547719781
0.8488113596575406
0.8501533629521267
0.851483470880772
0.8528017887298037
0.8432969048373233
0.8446626572830476
0.8460165230385052
0.8473586054094935
0.8486890068053199
0.8500078287465663
0.8513151718728246
0.852611135950272
0.8432719829401296
0.8446132432272677
0.8459430410130107
0.8472614741170199
0.8485686395254102
0.8498646333978179
0.8511495510744269
0.8524234870830358
0.8432474820205897
0.8445646562279071
0.8458707775130271
0.8471659384942792
0.8484502310150472
0.8497237461501692
0.8509865742124969
0.852238804759081
0.8432233957993742
0.8445168842199495
0.845799715166845
0.8470719763274769
0.8483337546688672
0.84958513644352
0.8508262071953125
0.8520570517651725
0.8431997180666434
0.8444699152621329
0.8457298367660848
0.8469795655918866
0.8482191840831654
0.8494487739193125
0.8506684161207867
0.8518781910544305
0.8431764426821154
0.844423737537217
0.8456611252669473
0.8468886844542312
0.8481064930596297
0.849314628426174
0.8505131672842382
0.8517021857564366
0.8431535635749073
0.8443783393526034
0.8455935637912948
0.8467993112749721
0.8479956556091581
0.8491826700253864
0.8503604271856308
0.8515289991868544
0.8431310747436389
0.8443337091403097
0.8455271356276483
0.8467114246102301
0.8478866459551431
0.8490528689959427
0.8502101625368299
0.8513585948565909
0.8431089702561082
0.8442898354573747
0.8454618242320263
0.8466250032137561
0.8477794385367434
0.84892519583938
0.8500623402680404
0.8511909364806505
0.843087244249416
0.84424670698587
0.8453976132287377
0.846540026038582
0.8476740080118645
0.84879962128429
0.8499169275343461
0.8510259879864623
0.8430658909295979
0.8442043125330688
0.8453344864110501
0.8464564722386946
0.8475703292599198
0.8486761162905927
0.8497738917215814
0.8508637135218523
0.8430449045716228
0.8441626410313942
0.8452724277417037
0.8463743211703223
0.8474683773844236
0.8485546520535023
0.849633200452088
0.8507040774627117
0.8430242795190082
0.8441216815383727
0.8452114213533632
0.8462935523932604
0.8473681277153268
0.8484352000073196
0.8494948215900776
0.8505470444200962
0.8430040101837791
0.8440814232366886
0.8451514515490642
0.8462141456720771
0.847269555811247
0.8483177318289399
0.8493587232466129
0.850392579247157
0.8429840910461222
0.8440418554338098
0.8450925028024223
0.8461360809769577
0.8471726374614198
0.8482022194410521
0.8492248737844278
0.8502406470455586
0.8429645166540868
0.8440029675619252
0.8450345597577902
0.8460593384846578
0.8470773486874841
0.8480886350151507
0.8490932418223482
0.8500912131715721
0.8429452816234624
0.8439647491777197
0.8449776072304154
0.8459838985792748
0.8469836657452694
0.8479769509744015
0.8489637962394847
0.8499442432419035
0.8429263806371737
0.8439271899620087
0.84492163020647
0.8459097418527656
0.8468915651260389
0.8478671399961567
0.8488365061791838
0.849799703139119
0.842907808445378
0.8438902797194147
0.8448666138429811
0.8458368491055147
0.8468010235580457
0.8477591750143157
0.8487113410525532
0.8496575590168143
0.8428895598646644
0.8438540083780087
0.8448125434675446
0.8457652013467074
0.8467120180074118
0.8476530292214736
0.8485882705418837
0.8495177773041891
0.8428716297780618
0.8438183659889087
0.8447594045784398
0.8456947797945229
0.8466245256793788
0.8475486760708992
0.848467264603797
0.8493803247108545
0.8428540131344577
0.8437833427257223
0.8447071828440289
0.8456255658763753
0.8465385240189516
0.8474460892782112
0.8483482934720306
0.8492451682307434
0.8428367049483041
0.8437489288842112
0.8446558641026194
0.845557541228985
0.8464539907117101
0.8473452428230536
0.8482313276601758
0.8491122751461972
0.842819700299135
0.843715114881566
0.8446054343619162
0.8454906876982776
0.8463709036843375
0.847246110950341
0.8481163379640151
0.8489816130314277
0.8428029943312456
0.8436818912559803
0.8445558797987163
0.8454249873393063
0.8462892411050674
0.8471486681715884
0.8480032954636487
0.8488531497559606
0.842786582253151
0.8436492486659701
0.8445071867581946
0.8453604224159914
0.8462089813839339
0.8470528892658431
0.8478921715255786
0.8487268534876629
0.8427704593372706
0.8436171778898183
0.844459341753492
0.8452969754008316
0.8461301031730244
0.8469587492806623
0.8477829378043613
0.8486026926955432
0.8427546209193701
0.8435856698248076
0.8444123314649183
0.8452346289744941
0.8460525853664983
0.8468662235326773
0.847675566244218
0.8484806361523689
0.8427390623981221
0.8435547154866123
0.8443661427393709
0.8451733660253321
0.8459764071004788
0.846775287608259
0.8475700290802898
0.8483606529368884
0.8427237792346659
0.8435243060085404
0.8443207625895284
0.8451131696488673
0.8459015477529553
0.8466859173638823
0.8474662988399092
0.8482427124360149
0.842708766952133
0.843494432640826
0.8442761781931479
0.8450540231471183
0.8458279869435671
0.8465980889264768
0.8473643483435463
0.8481267843466709
0.8426940211350591
0.8434650867498126
0.844232376892111
0.8449959100279518
0.845755704533031
0.8465117786933616
0.8472641507055347
0.8480128386773553
0.8426795374289991
0.8434362598172042
0.8441893461916797
0.844938814004208
0.8456846806228417
0.8464269633323912
0.8471656793348303
0.8479008457495996
0.8426653115399203
0.8434079434392128
0.8441470737594641
0.8448827189930128
0.8456148955546271
0.8463436197818575
0.8470689079353424
0.847790776199258
0.8426513392337518
0.8433801293257763
0.8441055474245129
0.8448276091147785
0.8455463299095514
0.8462617252500656
0.8469738105063702
0.8476826009775056
0.8426376163358457
0.8433528092996965
0.8440647551763506
0.844773468692334
0.845478964507463
0.8461812572151437
0.84688036134267
0.8475762913515166
0.8426241387304813
0.843325975295755
0.8440246851639297
0.8447202822497781
0.845412780406162
0.8461021934244262
0.8467885350344952
0.8474718189053796
0.8426109023601995
0.8432996193597675
0.8439853256945525
0.8446680345115746
0.845347758900491
0.846024511893887
0.8466983064674789
0.8473691555403843
0.8425979032254485
0.843273733647818
0.8439466652327705
0.8446167104013051
0.8452838815212557
0.845948190907531
0.8466096508223275
0.8472682734753518
0.8425851373838998
0.8432483104252844
0.8439086923993654
0.8445662950406324
0.8452211300343139
0.8458732090164919
0.8465225435744748
0.8471691452468391
0.8425726009499442
0.8432233420657953
0.8438713959700197
0.8445167737479602
0.8451594864392891
0.8457995450381832
0.8464369604934966
0.8470717437090043
0.8425602900941735
0.8431988210505077
0.8438347648743425
0.844468132037268
0.8450989329685716
0.8457271780553187
0.8463528776425513
0.8469760420335712
0.8425482010427652
0.8431747399669385
0.843798788194521
0.8444203556168074
0.8450394520858909
0.8456560874147713
0.846270271377506
0.8468820137094084